T0037.tat
Gain: 5
Int. Time: 2
Time: 08/11/24 10:49:23
Maximum:  719.44  7924
Minimum:  383.07  88
Latitude: 31бу09'36''N
Longitude: 121бу24'''E
 383.07        88
 384.42        100
 385.77        92
 387.12        104
 388.47        112
 389.83        108
 391.18        120
 392.53        108
 393.88        128
 395.23        132
 396.59        132
 397.94        164
 399.29        144
 400.64        148
 402           188
 403.35        160
 404.7         184
 406.05        200
 407.4         172
 408.76        220
 410.11        232
 411.46        208
 412.81        276
 414.17        268
 415.52        236
 416.87        320
 418.22        312
 419.57        276
 420.93        372
 422.28        364
 423.63        296
 424.98        396
 426.33        436
 427.69        352
 429.04        448
 430.39        512
 431.74        392
 433.1         440
 434.45        580
 435.8         488
 437.18        452
 438.56        628
 439.94        592
 441.32        460
 442.69        576
 444.07        712
 445.45        568
 446.83        544
 448.21        744
 449.59        708
 450.97        540
 452.35        648
 453.72        840
 455.1         720
 456.48        604
 457.86        792
 459.24        884
 460.62        700
 462           644
 463.38        892
 464.75        976
 466.13        756
 467.51        748
 468.89        1032
 470.27        1048
 471.65        812
 473.03        780
 474.41        1084
 475.78        1192
 477.16        916
 478.54        872
 479.92        1196
 481.3         1336
 482.68        1064
 484.06        884
 485.44        1168
 486.81        1496
 488.19        1344
 489.57        1036
 490.95        1220
 492.33        1636
 493.71        1628
 495.09        1268
 496.47        1144
 497.84        1556
 499.22        1968
 500.6         1752
 501.98        1348
 503.36        1532
 504.74        2120
 506.12        2264
 507.5         1836
 508.87        1484
 510.25        1788
 511.63        2460
 513.01        2608
 514.39        2048
 515.77        1736
 517.15        2256
 518.53        2928
 519.9         2916
 521.28        2308
 522.66        1900
 524.04        2316
 525.42        3148
 526.8         3364
 528.18        2688
 529.55        2136
 530.93        2544
 532.31        3440
 533.69        3776
 535.07        3240
 536.45        2480
 537.83        2392
 539.21        3168
 540.58        4024
 541.96        3952
 543.34        3076
 544.72        2552
 546.1         3100
 547.5         4064
 548.91        4448
 550.31        3896
 551.72        3016
 553.12        2680
 554.53        3336
 555.93        4372
 557.34        4716
 558.74        3988
 560.15        3044
 561.55        2960
 562.95        3816
 564.36        4748
 565.76        4888
 567.17        4188
 568.57        3264
 569.98        2952
 571.38        3588
 572.79        4672
 574.19        5176
 575.6         4612
 577           3572
 578.38        3116
 579.77        3680
 581.15        4684
 582.53        5260
 583.91        5000
 585.3         4180
 586.68        3380
 588.06        3268
 589.45        4008
 590.83        5028
 592.21        5480
 593.6         4948
 594.98        3932
 596.36        3324
 597.74        3640
 599.13        4588
 600.51        5424
 601.89        5580
 603.28        4960
 604.66        4016
 606.04        3344
 607.42        3444
 608.81        4296
 610.19        5292
 611.57        5672
 612.96        5124
 614.34        4108
 615.72        3392
 617.11        3500
 618.49        4312
 619.87        5236
 621.25        5708
 622.64        5468
 624.02        4680
 625.4         3804
 626.79        3356
 628.17        3680
 629.55        4592
 630.93        5536
 632.32        5884
 633.7         5400
 635.08        4432
 636.47        3636
 637.85        3536
 639.23        4204
 640.62        5176
 642           5952
 643.38        6124
 644.76        5632
 646.15        4728
 647.53        3896
 648.91        3580
 650.3         4008
 651.68        4972
 653.06        5976
 654.44        6436
 655.83        6064
 657.21        5092
 658.59        4148
 659.98        3744
 661.36        4124
 662.74        5040
 664.12        6028
 665.51        6648
 666.89        6644
 668.27        6044
 669.66        5108
 671.04        4224
 672.42        3844
 673.81        4196
 675.19        5144
 676.57        6256
 677.95        6992
 679.34        6996
 680.72        6276
 682.1         5248
 683.49        4424
 684.87        4184
 686.25        4648
 687.63        5544
 689.02        6524
 690.4         7252
 691.78        7476
 693.17        7068
 694.55        6176
 695.93        5200
 697.32        4512
 698.7         4424
 700.08        5012
 701.46        5972
 702.85        6744
 704.23        6636
 705.61        5952
 707           5640
 708.38        5844
 709.76        5676
 711.14        4976
 712.53        4784
 713.91        5104
 715.29        5948
 716.68        7028
 718.06        7844
 719.44        7924
 720.83        7080
 722.21        5756
 723.59        4628
 724.97        4028
 726.36        4036
 727.74        4604
 729.12        5564
 730.51        6572
 731.89        7288
 733.27        7424
 734.65        6940
 736.04        6100
 737.42        5228
 738.8         4620
 740.19        4496
 741.57        4864
 742.95        5576
 744.34        6364
 745.72        7080
 747.1         7544
 748.48        7608
 749.87        7256
 751.25        6576
 752.63        5756
 754.02        5060
 755.4         4696
 756.78        4784
 758.16        5284
 759.55        5980
 760.93        6716
 762.31        7208
 763.7         7292
 765.08        6996
 766.46        6432
 767.85        5752
 769.23        5144
 770.61        4784
 771.99        4740
 773.38        5012
 774.76        5464
 776.14        5960
 777.53        6380
 778.91        6632
 780.29        6680
 781.67        6500
 783.06        6180
 784.44        5764
 785.82        5376
 787.21        5080
 788.59        4988
 789.97        5104
 791.35        5408
 792.74        5800
 794.12        6216
 795.5         6540
 796.89        6724
 798.27        6716
 799.65        6552
 801.04        6296
 802.42        6048
 803.8         5872
 805.18        5816
 806.57        5852
 807.95        6040
 809.33        6288
 810.72        6572
 812.1         6848
 813.48        7088
 814.86        7164
 816.25        7096
 817.63        6944
 819.01        6784
 820.4         6676
 821.78        6564
 823.16        6480
 824.55        6424
 825.93        6420
 827.31        6452
 828.69        6516
 830.08        6588
 831.46        6640
 832.84        6652
 834.23        6608
 835.61        6504
 836.99        6384
 838.37        6248
 839.76        6116
 841.14        6012
 842.52        5920
 843.91        5872
 845.29        5848
 846.67        5852
 848.06        5872
 849.44        5888
 850.82        5892
 852.2         5880
 853.59        5852
 854.97        5836
 856.35        5804
 857.74        5768
 859.12        5744
 860.5         5740
 861.88        5724
 863.27        5712
 864.65        5704
 866.03        5692
 867.42        5700
 868.8         5700
 870.18        5724
 871.57        5720
 872.95        5708
 874.33        5692
 875.71        5676
 877.1         5660
 878.48        5656
 879.86        5644
 881.25        5644
 882.63        5628
 884.01        5616
 885.39        5592
 886.78        5536
 888.16        5456
 889.54        5384
 890.93        5308
 892.31        5260
 893.69        5212
 895.08        5144
 896.46        5112
 897.84        5068
 899.22        5024
 900.61        4996
 901.99        4964
 903.37        4952
 904.76        4904
 906.14        4864
 907.52        4812
 908.9         4760
 910.29        4716
 911.67        4660
 913.05        4580
 914.44        4492
 915.82        4400
 917.2         4312
 918.58        4232
 919.97        4176
 921.35        4120
 922.73        4096
 924.12        4072
 925.5         4056
 926.88        4040
 928.27        4016
 929.65        3984
 931.03        3912
 932.41        3852
 933.8         3760
 935.18        3704
 936.56        3632
 937.95        3576
 939.33        3520
 940.71        3420
 942.09        3324
 943.48        3248
 944.86        3208
 946.24        3156
 947.63        3108
 949.01        3072
 950.39        3044
 951.78        2988
 953.16        2956
 954.54        2912
 955.92        2868
 957.31        2820
 958.69        2756
 960.07        2684
 961.46        2616
 962.84        2536
 964.22        2472
 965.6         2396
 966.99        2324
 968.37        2252
 969.75        2196
 971.14        2136
 972.52        2088
 973.9         2064
 975.29        2028
 976.67        2000
 978.05        1968
 979.43        1944
 980.82        1900
 982.2         1856
 983.58        1816
 984.97        1784
 986.35        1740
 987.73        1688
 989.11        1644
 990.5         1592
 991.88        1532
 993.26        1492
 994.65        1452
 996.03        1408
 997.41        1372
 998.8         1368
 1000.1        1356
 1001.5        1336
 1002.9        1328
 1004.3        1324
 1005.7        1304
 1007          1296
 1008.4        1288
 1009.8        1268
 1011.2        1256
 1012.6        1236
 1014          1208
 1015.3        1196
 1016.7        1176
 1018.1        1148
 1019.5        1132
 1020.9        1104
 1022.3        1080
 1023.6        1072
 1025          1056
 1026.4        1036
 1027.8        1028
 1029.2        1024
 1030.6        1016
 1031.9        1008
 1033.3        1000
 1034.7        988
 1036.1        984
 1037.5        968
 1038.8        964
 1040.2        960
 1041.6        952
 1043          936
 1044.4        932
 1045.8        916
 1047.1        916
 1048.5        900
 1049.9        888
 1051.3        880
 1052.7        868
 1054.1        852
 1055.4        844
 1056.8        832
 1058.2        828
 1059.6        816
 1061          816
 1062.4        804
 1063.7        804
 1065.1        796
 1066.5        800
 1067.9        792
 1069.3        796
 1070.7        792
 1072          784
 1073.4        784
 1074.8        776
 1076.2        768
 1077.6        772
 1079          752
 1080.3        752
 1081.7        744
 1083.1        736
 1084.5        740
 1085.9        736
 1087.3        728
 1088.6        724
