T0022.tat
Gain: 6
Int. Time: 2
Time: 08/11/24 10:39:49
Maximum:  756.78  3600
Minimum:  388.47  34
Latitude: 31бу09'36''N
Longitude: 121бу24'''E
 383.07        36
 384.42        38
 385.77        46
 387.12        36
 388.47        34
 389.83        42
 391.18        38
 392.53        50
 393.88        44
 395.23        42
 396.59        54
 397.94        42
 399.29        66
 400.64        64
 402           48
 403.35        64
 404.7         56
 406.05        68
 407.4         96
 408.76        78
 410.11        64
 411.46        88
 412.81        58
 414.17        100
 415.52        134
 416.87        98
 418.22        78
 419.57        124
 420.93        72
 422.28        130
 423.63        182
 424.98        142
 426.33        86
 427.69        156
 429.04        98
 430.39        120
 431.74        218
 433.1         224
 434.45        116
 435.8         146
 437.18        190
 438.56        96
 439.94        198
 441.32        288
 442.69        258
 444.07        114
 445.45        196
 446.83        218
 448.21        104
 449.59        228
 450.97        336
 452.35        326
 453.72        146
 455.1         188
 456.48        282
 457.86        136
 459.24        186
 460.62        338
 462           412
 463.38        308
 464.75        144
 466.13        304
 467.51        298
 468.89        128
 470.27        260
 471.65        432
 473.03        512
 474.41        354
 475.78        152
 477.16        350
 478.54        390
 479.92        164
 481.3         254
 482.68        472
 484.06        614
 485.44        554
 486.81        240
 488.19        274
 489.57        564
 490.95        368
 492.33        172
 493.71        388
 495.09        634
 496.47        810
 497.84        686
 499.22        278
 500.6         362
 501.98        750
 503.36        540
 504.74        214
 506.12        418
 507.5         748
 508.87        1024
 510.25        1080
 511.63        596
 513.01        294
 514.39        766
 515.77        1000
 517.15        512
 518.53        286
 519.9         622
 521.28        994
 522.66        1346
 524.04        1402
 525.42        784
 526.8         356
 528.18        870
 529.55        1294
 530.93        818
 532.31        342
 533.69        554
 535.07        990
 536.45        1398
 537.83        1748
 539.21        1472
 540.58        648
 541.96        484
 543.34        1242
 544.72        1558
 546.1         918
 547.5         392
 548.91        602
 550.31        1046
 551.72        1472
 553.12        1944
 554.53        1888
 555.93        1050
 557.34        442
 558.74        956
 560.15        1720
 561.55        1534
 562.95        740
 564.36        430
 565.76        738
 567.17        1148
 568.57        1600
 569.98        2100
 571.38        2060
 572.79        1234
 574.19        518
 575.6         848
 577           1712
 578.38        1876
 579.77        1178
 581.15        548
 582.53        564
 583.91        916
 585.3         1298
 586.68        1820
 588.06        2308
 589.45        2124
 590.83        1230
 592.21        548
 593.6         856
 594.98        1718
 596.36        2054
 597.74        1496
 599.13        754
 600.51        542
 601.89        768
 603.28        1094
 604.66        1472
 606.04        2018
 607.42        2364
 608.81        2014
 610.19        1130
 611.57        540
 612.96        882
 614.34        1714
 615.72        2106
 617.11        1682
 618.49        946
 619.87        568
 621.25        656
 622.64        910
 624.02        1198
 625.4         1648
 626.79        2216
 628.17        2414
 629.55        1928
 630.93        1046
 632.32        548
 633.7         908
 635.08        1742
 636.47        2252
 637.85        1984
 639.23        1274
 640.62        730
 642           622
 643.38        790
 644.76        1026
 646.15        1350
 647.53        1894
 648.91        2474
 650.3         2602
 651.68        2050
 653.06        1144
 654.44        598
 655.83        868
 657.21        1712
 658.59        2418
 659.98        2436
 661.36        1826
 662.74        1116
 664.12        742
 665.51        744
 666.89        912
 668.27        1112
 669.66        1470
 671.04        2048
 672.42        2660
 673.81        2878
 675.19        2454
 676.57        1562
 677.95        782
 679.34        734
 680.72        1460
 682.1         2424
 683.49        2972
 684.87        2752
 686.25        2002
 687.63        1270
 689.02        882
 690.4         840
 691.78        964
 693.17        1138
 694.55        1436
 695.93        2002
 697.32        2760
 698.7         3342
 700.08        3316
 701.46        2580
 702.85        1530
 704.23        766
 705.61        660
 707           984
 708.38        1926
 709.76        3244
 711.14        3580
 712.53        2810
 713.91        1802
 715.29        1220
 716.68        1002
 718.06        1010
 719.44        1108
 720.83        1230
 722.21        1484
 723.59        1966
 724.97        2608
 726.36        3112
 727.74        3154
 729.12        2626
 730.51        1754
 731.89        996
 733.27        832
 734.65        1364
 736.04        2264
 737.42        3100
 738.8         3486
 740.19        3260
 741.57        2596
 742.95        1886
 744.34        1396
 745.72        1184
 747.1         1154
 748.48        1198
 749.87        1290
 751.25        1514
 752.63        1952
 754.02        2582
 755.4         3232
 756.78        3600
 758.16        3474
 759.55        2864
 760.93        2032
 762.31        1352
 763.7         1114
 765.08        1432
 766.46        2110
 767.85        2810
 769.23        3262
 770.61        3298
 771.99        2984
 773.38        2476
 774.76        2020
 776.14        1706
 777.53        1566
 778.91        1520
 780.29        1516
 781.67        1536
 783.06        1624
 784.44        1824
 785.82        2140
 787.21        2532
 788.59        2876
 789.97        3028
 791.35        2944
 792.74        2640
 794.12        2244
 795.5         1894
 796.89        1742
 798.27        1860
 799.65        2184
 801.04        2572
 802.42        2922
 803.8         3112
 805.18        3122
 806.57        2966
 807.95        2752
 809.33        2560
 810.72        2442
 812.1         2394
 813.48        2392
 814.86        2400
 816.25        2392
 817.63        2402
 819.01        2458
 820.4         2582
 821.78        2736
 823.16        2916
 824.55        3054
 825.93        3090
 827.31        3052
 828.69        2944
 830.08        2806
 831.46        2670
 832.84        2592
 834.23        2570
 835.61        2618
 836.99        2696
 838.37        2768
 839.76        2828
 841.14        2856
 842.52        2832
 843.91        2802
 845.29        2770
 846.67        2740
 848.06        2734
 849.44        2734
 850.82        2734
 852.2         2744
 853.59        2762
 854.97        2780
 856.35        2794
 857.74        2820
 859.12        2842
 860.5         2874
 861.88        2904
 863.27        2924
 864.65        2950
 866.03        2966
 867.42        2990
 868.8         3024
 870.18        3058
 871.57        3100
 872.95        3134
 874.33        3162
 875.71        3186
 877.1         3198
 878.48        3212
 879.86        3226
 881.25        3226
 882.63        3232
 884.01        3242
 885.39        3264
 886.78        3266
 888.16        3260
 889.54        3266
 890.93        3266
 892.31        3284
 893.69        3298
 895.08        3300
 896.46        3312
 897.84        3310
 899.22        3308
 900.61        3298
 901.99        3284
 903.37        3266
 904.76        3224
 906.14        3182
 907.52        3146
 908.9         3114
 910.29        3116
 911.67        3106
 913.05        3092
 914.44        3090
 915.82        3078
 917.2         3060
 918.58        3044
 919.97        3026
 921.35        2994
 922.73        2960
 924.12        2928
 925.5         2900
 926.88        2856
 928.27        2822
 929.65        2786
 931.03        2758
 932.41        2720
 933.8         2678
 935.18        2668
 936.56        2644
 937.95        2636
 939.33        2626
 940.71        2582
 942.09        2524
 943.48        2490
 944.86        2460
 946.24        2430
 947.63        2382
 949.01        2342
 950.39        2306
 951.78        2250
 953.16        2212
 954.54        2164
 955.92        2120
 957.31        2072
 958.69        2030
 960.07        1988
 961.46        1950
 962.84        1912
 964.22        1886
 965.6         1846
 966.99        1810
 968.37        1768
 969.75        1720
 971.14        1674
 972.52        1634
 973.9         1588
 975.29        1560
 976.67        1516
 978.05        1480
 979.43        1436
 980.82        1396
 982.2         1356
 983.58        1330
 984.97        1314
 986.35        1284
 987.73        1248
 989.11        1224
 990.5         1196
 991.88        1162
 993.26        1134
 994.65        1114
 996.03        1072
 997.41        1052
 998.8         1036
 1000.1        1026
 1001.5        1004
 1002.9        986
 1004.3        974
 1005.7        948
 1007          940
 1008.4        920
 1009.8        898
 1011.2        886
 1012.6        870
 1014          850
 1015.3        840
 1016.7        832
 1018.1        816
 1019.5        810
 1020.9        794
 1022.3        778
 1023.6        766
 1025          762
 1026.4        740
 1027.8        736
 1029.2        722
 1030.6        708
 1031.9        700
 1033.3        686
 1034.7        674
 1036.1        664
 1037.5        652
 1038.8        638
 1040.2        632
 1041.6        622
 1043          620
 1044.4        604
 1045.8        608
 1047.1        604
 1048.5        592
 1049.9        582
 1051.3        574
 1052.7        562
 1054.1        558
 1055.4        550
 1056.8        542
 1058.2        534
 1059.6        526
 1061          516
 1062.4        510
 1063.7        502
 1065.1        494
 1066.5        492
 1067.9        482
 1069.3        472
 1070.7        472
 1072          464
 1073.4        468
 1074.8        456
 1076.2        454
 1077.6        446
 1079          446
 1080.3        436
 1081.7        428
 1083.1        430
 1084.5        428
 1085.9        424
 1087.3        418
 1088.6        410
