T0020.tat
Gain: 4
Int. Time: 2
Time: 08/11/24 10:34:17
Maximum:  711.14  8912
Minimum:  383.07  96
Latitude: 31бу09'36''N
Longitude: 121бу24'''E
 383.07        96
 384.42        112
 385.77        128
 387.12        120
 388.47        128
 389.83        136
 391.18        128
 392.53        144
 393.88        152
 395.23        160
 396.59        176
 397.94        192
 399.29        216
 400.64        224
 402           224
 403.35        240
 404.7         256
 406.05        272
 407.4         304
 408.76        328
 410.11        328
 411.46        344
 412.81        368
 414.17        384
 415.52        408
 416.87        448
 418.22        472
 419.57        480
 420.93        504
 422.28        528
 423.63        560
 424.98        576
 426.33        584
 427.69        608
 429.04        656
 430.39        680
 431.74        712
 433.1         744
 434.45        752
 435.8         768
 437.18        808
 438.56        840
 439.94        848
 441.32        856
 442.69        872
 444.07        904
 445.45        920
 446.83        944
 448.21        960
 449.59        992
 450.97        1008
 452.35        1032
 453.72        1056
 455.1         1072
 456.48        1080
 457.86        1104
 459.24        1128
 460.62        1152
 462           1184
 463.38        1208
 464.75        1240
 466.13        1264
 467.51        1288
 468.89        1312
 470.27        1344
 471.65        1384
 473.03        1416
 474.41        1440
 475.78        1464
 477.16        1496
 478.54        1536
 479.92        1584
 481.3         1624
 482.68        1664
 484.06        1696
 485.44        1744
 486.81        1792
 488.19        1848
 489.57        1912
 490.95        1960
 492.33        1992
 493.71        2056
 495.09        2128
 496.47        2184
 497.84        2256
 499.22        2304
 500.6         2384
 501.98        2472
 503.36        2560
 504.74        2624
 506.12        2704
 507.5         2784
 508.87        2856
 510.25        2944
 511.63        3008
 513.01        3120
 514.39        3216
 515.77        3296
 517.15        3376
 518.53        3448
 519.9         3536
 521.28        3616
 522.66        3704
 524.04        3776
 525.42        3864
 526.8         3928
 528.18        3968
 529.55        4040
 530.93        4128
 532.31        4248
 533.69        4344
 535.07        4400
 536.45        4432
 537.83        4488
 539.21        4560
 540.58        4632
 541.96        4720
 543.34        4800
 544.72        4840
 546.1         4896
 547.5         4952
 548.91        5008
 550.31        5048
 551.72        5104
 553.12        5136
 554.53        5176
 555.93        5232
 557.34        5272
 558.74        5312
 560.15        5344
 561.55        5392
 562.95        5432
 564.36        5472
 565.76        5488
 567.17        5520
 568.57        5552
 569.98        5584
 571.38        5608
 572.79        5648
 574.19        5672
 575.6         5704
 577           5728
 578.38        5800
 579.77        5816
 581.15        5784
 582.53        5760
 583.91        5760
 585.3         5824
 586.68        5920
 588.06        6000
 589.45        5984
 590.83        5944
 592.21        5936
 593.6         5960
 594.98        5984
 596.36        6040
 597.74        6088
 599.13        6064
 600.51        6064
 601.89        6056
 603.28        6056
 604.66        6040
 606.04        6048
 607.42        6040
 608.81        6040
 610.19        6048
 611.57        6032
 612.96        6040
 614.34        6040
 615.72        6024
 617.11        6040
 618.49        6048
 619.87        6064
 621.25        6080
 622.64        6088
 624.02        6104
 625.4         6120
 626.79        6144
 628.17        6144
 629.55        6144
 630.93        6168
 632.32        6184
 633.7         6208
 635.08        6216
 636.47        6256
 637.85        6280
 639.23        6320
 640.62        6352
 642           6392
 643.38        6424
 644.76        6448
 646.15        6480
 647.53        6504
 648.91        6528
 650.3         6528
 651.68        6552
 653.06        6592
 654.44        6640
 655.83        6704
 657.21        6712
 658.59        6744
 659.98        6784
 661.36        6840
 662.74        6896
 664.12        6944
 665.51        6968
 666.89        7016
 668.27        7056
 669.66        7072
 671.04        7048
 672.42        7048
 673.81        7056
 675.19        7136
 676.57        7240
 677.95        7320
 679.34        7400
 680.72        7480
 682.1         7584
 683.49        7696
 684.87        7720
 686.25        7688
 687.63        7672
 689.02        7704
 690.4         7768
 691.78        7888
 693.17        8016
 694.55        8064
 695.93        8128
 697.32        8224
 698.7         8264
 700.08        8256
 701.46        8184
 702.85        7944
 704.23        7168
 705.61        6352
 707           6256
 708.38        7216
 709.76        8496
 711.14        8912
 712.53        8608
 713.91        7992
 715.29        7984
 716.68        8336
 718.06        8656
 719.44        8744
 720.83        8480
 722.21        8000
 723.59        7656
 724.97        7552
 726.36        7648
 727.74        7824
 729.12        7992
 730.51        8128
 731.89        8216
 733.27        8264
 734.65        8288
 736.04        8288
 737.42        8344
 738.8         8440
 740.19        8528
 741.57        8568
 742.95        8568
 744.34        8512
 745.72        8488
 747.1         8520
 748.48        8576
 749.87        8656
 751.25        8656
 752.63        8592
 754.02        8544
 755.4         8488
 756.78        8488
 758.16        8480
 759.55        8384
 760.93        8296
 762.31        8200
 763.7         8096
 765.08        8048
 766.46        7976
 767.85        7928
 769.23        7848
 770.61        7768
 771.99        7672
 773.38        7568
 774.76        7488
 776.14        7408
 777.53        7336
 778.91        7264
 780.29        7208
 781.67        7144
 783.06        7088
 784.44        7040
 785.82        7008
 787.21        6952
 788.59        6928
 789.97        6920
 791.35        6896
 792.74        6880
 794.12        6880
 795.5         6872
 796.89        6888
 798.27        6896
 799.65        6912
 801.04        6928
 802.42        6936
 803.8         6936
 805.18        6976
 806.57        6984
 807.95        6992
 809.33        6984
 810.72        7008
 812.1         7032
 813.48        7056
 814.86        7048
 816.25        6984
 817.63        6920
 819.01        6904
 820.4         6920
 821.78        6944
 823.16        6960
 824.55        6944
 825.93        6872
 827.31        6800
 828.69        6728
 830.08        6672
 831.46        6640
 832.84        6600
 834.23        6536
 835.61        6488
 836.99        6440
 838.37        6376
 839.76        6344
 841.14        6304
 842.52        6256
 843.91        6224
 845.29        6208
 846.67        6192
 848.06        6200
 849.44        6192
 850.82        6200
 852.2         6224
 853.59        6232
 854.97        6256
 856.35        6280
 857.74        6304
 859.12        6336
 860.5         6368
 861.88        6416
 863.27        6456
 864.65        6504
 866.03        6528
 867.42        6576
 868.8         6664
 870.18        6728
 871.57        6792
 872.95        6848
 874.33        6904
 875.71        6960
 877.1         7008
 878.48        7048
 879.86        7072
 881.25        7096
 882.63        7120
 884.01        7160
 885.39        7184
 886.78        7168
 888.16        7152
 889.54        7128
 890.93        7128
 892.31        7152
 893.69        7160
 895.08        7152
 896.46        7168
 897.84        7168
 899.22        7144
 900.61        7112
 901.99        7088
 903.37        7064
 904.76        7016
 906.14        6944
 907.52        6904
 908.9         6888
 910.29        6880
 911.67        6864
 913.05        6808
 914.44        6784
 915.82        6720
 917.2         6664
 918.58        6616
 919.97        6560
 921.35        6520
 922.73        6488
 924.12        6448
 925.5         6392
 926.88        6328
 928.27        6272
 929.65        6224
 931.03        6120
 932.41        6040
 933.8         5944
 935.18        5920
 936.56        5864
 937.95        5832
 939.33        5800
 940.71        5720
 942.09        5592
 943.48        5520
 944.86        5464
 946.24        5408
 947.63        5312
 949.01        5216
 950.39        5144
 951.78        5040
 953.16        4960
 954.54        4856
 955.92        4768
 957.31        4688
 958.69        4608
 960.07        4504
 961.46        4416
 962.84        4360
 964.22        4264
 965.6         4160
 966.99        4088
 968.37        4008
 969.75        3912
 971.14        3816
 972.52        3712
 973.9         3632
 975.29        3560
 976.67        3480
 978.05        3392
 979.43        3312
 980.82        3216
 982.2         3120
 983.58        3080
 984.97        3040
 986.35        2968
 987.73        2904
 989.11        2848
 990.5         2776
 991.88        2712
 993.26        2648
 994.65        2592
 996.03        2512
 997.41        2464
 998.8         2448
 1000.1        2408
 1001.5        2368
 1002.9        2344
 1004.3        2304
 1005.7        2248
 1007          2216
 1008.4        2200
 1009.8        2144
 1011.2        2120
 1012.6        2080
 1014          2048
 1015.3        2040
 1016.7        2008
 1018.1        1968
 1019.5        1952
 1020.9        1928
 1022.3        1888
 1023.6        1864
 1025          1848
 1026.4        1808
 1027.8        1792
 1029.2        1768
 1030.6        1736
 1031.9        1728
 1033.3        1688
 1034.7        1656
 1036.1        1648
 1037.5        1608
 1038.8        1592
 1040.2        1560
 1041.6        1536
 1043          1536
 1044.4        1520
 1045.8        1496
 1047.1        1496
 1048.5        1472
 1049.9        1464
 1051.3        1440
 1052.7        1424
 1054.1        1400
 1055.4        1384
 1056.8        1368
 1058.2        1336
 1059.6        1320
 1061          1304
 1062.4        1280
 1063.7        1272
 1065.1        1256
 1066.5        1248
 1067.9        1232
 1069.3        1216
 1070.7        1200
 1072          1200
 1073.4        1184
 1074.8        1184
 1076.2        1160
 1077.6        1136
 1079          1128
 1080.3        1128
 1081.7        1104
 1083.1        1096
 1084.5        1096
 1085.9        1088
 1087.3        1072
 1088.6        1048
